000044 0.999778 61.229996 125.870987 487.704468 241.747787
000060 0.999804 87.685028 186.525406 497.717743 295.011536
000070 0.997172 114.142044 464.437775 537.258118 559.512329
000077 0.996118 122.816711 460.083069 536.569702 557.426880
000078 0.998472 23.257278 128.170792 439.100586 250.076279
000079 0.998441 23.735016 124.257523 442.036652 245.225937
000080 0.999723 54.400986 119.400787 479.747192 236.227356
000081 0.998935 21.916565 124.617371 443.967194 247.461700
000082 0.999899 67.341568 121.473862 495.044312 240.536423
000093 0.999876 65.750488 125.300041 499.909729 244.463165
000095 0.999808 69.247482 123.593552 499.966064 240.093643
000098 0.998868 28.451202 125.884949 442.797516 246.726166
000131 0.999865 70.306412 124.392120 492.962158 241.724304
000135 0.999802 69.874496 119.396011 501.172302 235.033096
000136 0.999894 64.702301 120.240646 494.391266 239.290726
000137 0.999827 93.757416 187.731445 493.164886 298.948547
000138 0.999891 92.356155 186.700012 500.170166 296.550446
000139 0.999123 33.639343 122.952499 452.729797 242.778152
000140 0.999597 27.980988 126.105011 447.513184 246.980560
000148 0.997555 120.108765 457.593506 535.824524 556.142761
000185 0.999508 30.656921 123.484337 447.640198 245.382507
000307 0.999882 59.748734 118.693222 495.154358 235.995041
001058 0.999607 66.382217 127.606567 475.304016 242.905029
001063 0.999641 67.902618 125.367798 483.600006 241.158661
001069 0.999452 80.208862 131.334625 496.664185 243.867828
001075 0.999583 61.141647 124.852524 486.050842 240.481491
001082 0.999270 79.681229 125.878464 497.856445 235.929886
001084 0.999426 72.027405 124.374535 484.247620 237.085175
001085 0.999553 80.254791 125.431885 501.928253 237.719818
001096 0.999525 62.440155 124.193810 476.785431 236.327301
001114 0.999398 63.488174 123.938927 477.610229 236.381653
001122 0.999485 69.580551 121.558167 483.525879 232.895264
001500 0.999477 52.717255 186.779037 457.581512 295.543457
001510 0.998798 122.411469 468.494751 530.744629 560.977173
001529 0.999614 55.581177 186.101227 458.210602 291.862915
001077 0.999593 64.904678 128.159775 478.881653 241.961166
001088 0.996175 108.856064 115.383286 497.672668 241.952103
001090 0.999338 79.876846 124.632050 488.909912 233.753967
001099 0.999568 53.856766 124.541962 469.766174 239.789032
001100 0.999475 66.266373 125.301636 479.614502 238.651154
001102 0.999674 68.097366 129.386841 486.415588 242.352539
001112 0.999339 79.236893 124.967758 491.664062 236.032700
001134 0.999727 65.887177 129.427032 488.018463 243.245087
001672 0.999663 110.271713 476.580627 528.503296 582.479675
001673 0.999635 114.491333 477.868805 520.356873 584.808411
001674 0.999750 112.904694 471.916931 526.745239 575.984070
001675 0.999689 115.969208 478.747955 521.981567 585.374939
001676 0.999756 113.474243 472.021912 524.858948 574.636658
001204 0.999757 64.085266 130.695709 478.799988 245.171936
001205 0.999538 75.593521 126.366447 486.777527 237.919434
001206 0.999617 56.384705 127.252441 472.468384 241.255310
001207 0.999700 67.197968 123.941086 482.366730 238.790817
001116 0.999342 57.307480 130.150101 471.998169 245.039444
001117 0.999069 59.927536 125.602646 475.969055 238.622238
001118 0.999536 75.106735 121.921631 488.734131 233.048676
001119 0.999438 65.094330 124.144043 479.524017 236.351807
000286 0.999750 57.564148 117.635193 480.325073 233.820984
000287 0.999837 63.196991 118.678535 491.317047 235.780792
000288 0.999011 29.903824 127.225800 449.451355 247.042603
000289 0.998543 22.032990 127.339096 441.952759 249.457626
000004 0.999615 31.651169 126.975525 448.098694 247.649261
000005 0.999568 44.420914 118.039200 474.624573 236.002365
000006 0.998703 23.058167 123.844086 438.586365 245.967377
000007 0.999864 49.967758 103.259338 446.033569 205.904449
001681 0.998437 125.143906 464.105164 530.238342 570.246643
001682 0.999924 109.541824 478.934662 527.864136 584.529419
001683 0.999875 106.352661 476.734375 533.615906 585.354614
001680 0.999923 114.280182 488.158539 526.573608 598.353516
001684 0.999208 81.978455 379.573212 488.065063 474.676483
001685 0.999901 105.914246 471.308716 527.510193 571.140137
001686 0.999889 110.078873 473.374084 532.472046 583.866882
001687 0.999407 118.249664 476.114990 524.178223 575.568604
001688 0.999874 108.461243 472.595764 529.762146 571.723328
000011 0.999816 58.120590 119.303513 482.033325 236.870010
000012 0.999870 56.296021 119.217606 486.398438 237.462082
000013 0.999819 56.652756 101.326050 447.790039 203.546509
000014 0.999859 60.135880 120.417870 483.428528 242.627869
000015 0.999763 108.182587 468.555359 529.470459 574.598450
000016 0.999838 62.096970 120.363693 489.021179 238.993027
000033 0.999829 57.693146 122.949356 479.952789 243.563644
000034 0.999833 57.549683 104.050819 459.870422 205.893585
000035 0.999811 55.177963 121.338211 476.409180 239.853073
000036 0.999548 31.450073 124.307495 448.380951 245.742340
000067 0.999897 66.556625 118.000671 495.016113 234.514313
000068 0.999836 52.340607 102.380096 446.522156 204.483093
000069 0.998935 27.834961 124.595230 444.778320 247.515579
000071 0.999839 67.003647 121.038071 495.542236 238.659805
000204 0.999113 25.692490 122.409966 447.452393 243.824677
000205 0.997484 16.380875 123.314041 439.353027 246.554855
000206 0.999832 55.619431 101.849548 454.940430 207.476166
000207 0.999802 68.163406 122.642975 499.732056 238.598358
000208 0.999853 67.039108 117.696373 495.052429 233.868439
000209 0.999832 52.674759 119.501389 482.460693 239.484543
000218 0.999695 38.068008 124.968246 452.906616 245.179398
000219 0.998364 62.150528 87.193398 477.950195 225.352570
000220 0.999649 29.732040 124.491989 453.580688 245.882126
000221 0.999851 57.119507 119.895157 486.206482 237.257919
000222 0.999860 71.342926 124.644531 499.523895 241.471527
