000060 0.918613 188.762695 888.894165 211.191101 968.105469
000060 0.957911 254.784622 547.563904 317.496582 634.456116
000070 0.447963 307.979492 888.789429 338.617432 928.834473
000077 0.564644 309.658966 557.718811 333.113434 588.409241
000078 0.997708 209.236786 991.752441 247.505920 1038.041992
000079 0.934458 199.796722 708.492859 249.199860 770.072693
000080 0.868809 265.402893 887.827637 311.381409 929.813232
000081 0.079993 215.881882 758.042725 239.385849 807.002930
000081 0.024783 211.377625 468.012939 287.986847 538.353027
000082 0.541542 262.787720 791.156372 283.271179 824.286987
000093 0.993704 225.952942 457.963287 306.744995 557.650452
000098 0.979610 163.890152 1167.947876 235.956406 1250.645630
000131 0.966365 268.445862 1159.689453 325.132568 1237.231689
000135 0.938433 274.142975 850.873901 292.013214 875.025391
000136 0.878335 249.135468 1150.661499 285.952362 1219.949097
000137 0.957744 272.101532 861.794312 298.532196 900.311646
000137 0.008167 260.781708 859.811157 286.586029 903.127686
000138 0.998702 267.850830 782.949402 304.303040 829.908630
000139 0.996666 231.684769 835.540344 273.838409 894.807068
000148 0.998623 323.015106 693.341980 354.369659 726.522278
000185 0.499652 227.443726 1057.210205 253.209778 1099.614990
000307 0.959366 265.053406 776.594116 284.531067 810.766724
000307 0.008617 100.427811 572.109070 172.100754 661.876648
001058 0.999844 86.902641 663.200439 99.819481 681.751343
001063 0.989360 261.552979 474.087769 285.869141 518.650024
001063 0.007126 253.378754 460.694061 310.592194 530.081177
001069 0.883894 271.294800 909.580444 291.837341 932.939575
001075 0.998335 379.360504 476.269012 394.181244 511.796661
001082 0.964699 261.940155 1289.343872 286.926239 1379.023315
001084 0.880602 258.696381 728.699890 281.540497 808.777893
001085 0.637687 264.527283 620.163940 285.375061 661.331543
001096 0.017635 239.253799 810.663879 283.812897 864.084778
001114 0.972009 266.005432 760.359009 315.213562 844.005249
001122 0.883079 240.235260 832.184509 270.257416 870.861511
001500 0.919112 255.921814 654.475708 290.310730 700.146240
001529 0.999847 240.105240 762.431091 270.420837 794.359192
001077 0.059079 267.666504 1221.200439 321.100586 1298.492432
001088 0.007951 263.981323 231.341614 367.404968 415.752808
001088 0.014897 294.633850 352.733246 326.726135 410.652618
001090 0.028912 278.485107 1171.809326 312.141174 1215.912109
001099 0.962832 261.718414 1118.948975 302.231659 1164.925049
001100 0.333119 260.261597 950.941162 293.500977 1032.084717
001100 0.022420 242.854248 919.516479 296.869385 1014.898438
001134 0.161521 240.185776 1084.492920 269.720703 1147.992920
001672 0.372191 314.572571 908.568481 343.198853 928.513062
001673 0.022574 162.175949 578.414001 179.021103 599.937317
001116 0.956916 234.594147 881.186096 294.365448 930.511536
001116 0.007732 263.827637 888.272766 298.791809 940.062317
001117 0.991013 256.849182 809.532104 276.600891 847.890015
001118 0.872692 261.791382 950.967957 300.355652 995.958679
001119 0.226191 257.398865 758.680725 280.476929 846.520569
000289 0.999498 222.081116 1337.047241 252.587524 1374.301880
000004 0.013408 219.103333 572.710205 253.167480 607.061890
000005 0.999651 213.863434 770.444580 299.286438 853.277588
000005 0.082714 328.836365 745.094116 380.266541 790.976074
000006 0.949010 221.725067 888.972412 264.030731 955.721069
000007 0.395615 232.509842 529.848267 257.239227 605.022827
001683 0.997774 253.450562 758.950256 279.223755 779.655701
001680 0.015714 221.652359 774.602844 264.298920 841.027161
001686 0.975414 262.605896 761.731567 320.222717 821.200073
000011 0.823907 262.719208 990.826111 288.364532 1027.519043
000013 0.136961 236.296082 1109.696533 262.374542 1170.921875
000014 0.546976 247.041489 407.337006 280.570892 450.843903
000014 0.018119 183.562500 436.022095 211.064789 459.339905
000016 0.985585 260.213226 732.741516 278.147675 760.422546
000016 0.036499 256.489960 716.304565 281.431671 763.834229
000033 0.987182 256.836578 567.239685 281.270538 607.970276
000034 0.989286 251.012604 576.509827 276.680145 620.753723
000035 0.672602 259.406128 944.447998 308.883301 990.636475
000036 0.013815 213.468689 469.868896 287.023621 535.550598
000068 0.711994 246.621902 652.875488 268.647919 677.209229
000069 0.950048 228.244690 612.539429 245.303589 662.217407
000071 0.943524 295.790192 538.431335 308.606049 562.419861
000204 0.781860 214.099350 1286.372925 271.257538 1356.201782
000205 0.762297 202.022644 584.251770 232.413147 642.275574
000205 0.014805 207.778244 466.601318 281.050568 539.758118
000206 0.988498 247.655106 389.353638 281.060791 426.024109
000207 0.992796 277.881866 821.150085 298.936493 849.308411
000209 0.888418 265.968872 794.832764 293.657654 841.611694
000209 0.785498 252.535568 568.370117 276.195526 605.638184
000219 0.881351 373.503845 386.299561 397.735291 421.150146
000221 0.996960 237.257431 782.960938 282.985748 849.400757
000222 0.007053 221.078552 1124.917480 264.905396 1199.547119
