000044 0.997172 355.656647 965.733032 384.065948 1057.309937
000060 0.065320 188.762695 888.894165 211.191101 968.105469
000078 0.995878 118.836922 969.145447 145.915421 1054.968384
000079 0.999871 124.497002 961.739502 149.477951 1054.205688
000080 0.994504 155.571152 960.770020 183.498917 1061.428955
000081 0.998476 310.223083 965.833557 338.392700 1052.080811
000082 0.997090 358.053619 967.802368 384.952606 1052.730225
000093 0.994775 355.719055 969.615906 386.459167 1055.337280
000095 0.998179 360.171509 965.067993 385.519043 1056.575439
000098 0.999611 124.864120 962.697754 150.372910 1051.469238
000131 0.998882 358.160461 968.287964 383.919495 1056.300049
000135 0.998614 356.506012 962.831543 383.455170 1049.939941
000136 0.995972 164.014893 956.171265 188.618683 1052.481567
000137 0.879909 373.722504 879.176880 400.060394 964.787598
000138 0.965099 195.619415 887.663818 215.793213 966.030396
000139 0.999707 120.726913 964.049072 148.002274 1051.893555
000140 0.994311 314.592102 966.802612 342.386841 1053.390015
000185 0.997501 314.509705 963.955872 344.487549 1052.892822
000307 0.999623 359.402618 963.416565 381.228485 1052.616333
001058 0.995681 353.448273 968.900635 381.312286 1059.464600
001063 0.991671 163.818176 967.071655 192.425598 1066.185059
001069 0.978476 352.344055 971.929382 386.453552 1062.758057
001075 0.996132 160.617447 964.109558 185.425156 1068.901367
001082 0.997733 360.837280 966.441406 385.819214 1059.748901
001084 0.997779 355.767609 968.980408 384.641693 1057.471680
001085 0.994946 356.446899 966.764038 384.394836 1055.618408
001096 0.980487 153.145767 961.890930 184.028397 1059.301880
001096 0.979790 239.253799 810.663879 283.812897 864.084778
001114 0.973687 154.611511 967.031372 184.375732 1064.451172
001122 0.994803 356.378815 966.722534 383.647614 1056.522705
001500 0.878588 335.948151 884.517700 361.879181 969.640747
001529 0.923977 328.861511 884.364319 353.151001 970.586731
001077 0.989563 158.953522 967.678711 189.038361 1066.241211
001088 0.998066 356.666931 967.829163 384.908081 1053.609619
001090 0.997407 356.266296 968.550537 384.434448 1057.804565
001099 0.925945 149.253967 968.744934 189.812134 1068.561523
001100 0.994508 157.357513 959.413269 188.335663 1063.647461
001102 0.885788 352.062653 969.538696 388.241302 1062.738770
001112 0.998721 356.998657 968.791626 384.950378 1057.498779
001134 0.996620 354.863342 970.331604 382.674255 1061.311523
001204 0.993859 159.273712 969.711853 186.221497 1063.965332
001205 0.993035 160.616241 963.431274 191.259979 1061.092896
001206 0.978737 153.508453 969.672546 180.839661 1062.317139
001207 0.995709 158.965652 966.160645 186.869736 1064.241455
001116 0.996955 352.064636 967.820190 381.900391 1057.786377
001117 0.996242 349.422363 967.103394 375.964844 1057.265991
001117 0.005537 256.849182 809.532104 276.600891 847.890015
001118 0.994074 352.013184 969.464905 380.383545 1055.612793
001119 0.993787 157.428955 968.028931 185.540405 1060.793579
000286 0.996920 158.435684 957.542969 186.965591 1051.124756
000287 0.998579 161.480408 955.509949 187.199829 1051.736572
000288 0.999794 126.097549 963.996948 149.897629 1053.348999
000289 0.998953 117.881126 967.216553 143.602890 1057.427490
000004 0.999539 125.044655 966.650452 148.703247 1054.032104
000005 0.990486 153.261597 965.390564 185.067047 1060.042969
000006 0.997085 121.888771 963.033752 146.543762 1048.659790
000007 0.922489 148.668594 831.660522 171.093338 909.017212
000011 0.993303 154.991608 953.427063 180.817108 1062.182983
000012 0.998007 159.160614 960.487488 188.906677 1059.013550
000013 0.991622 148.764511 827.827332 173.767624 904.179993
000014 0.998946 160.919662 963.683472 189.802017 1054.206909
000016 0.997902 155.924789 960.552063 183.334885 1054.799927
000033 0.998646 157.871262 964.470825 185.072098 1055.432617
000034 0.997891 328.380157 834.034973 353.273346 910.070129
000035 0.989514 157.125473 960.943054 186.828354 1062.825317
000036 0.998151 311.605927 960.954956 341.993073 1051.036011
000067 0.998444 166.327576 959.478455 191.811218 1057.884766
000068 0.999145 330.100067 832.079529 349.170563 909.401917
000069 0.999741 125.019646 965.320740 147.641861 1054.735962
000071 0.996635 357.002563 964.189453 385.264038 1051.644409
000204 0.996460 310.841614 961.204041 341.903503 1050.064453
000205 0.999804 118.813660 963.915344 144.407562 1047.230103
000206 0.997186 327.650085 836.081604 354.340271 909.531433
000207 0.996494 358.838348 965.715271 385.460907 1057.377686
000208 0.999195 162.369034 957.002075 188.625351 1048.739136
000209 0.997735 162.107193 964.398560 187.301498 1060.664429
000218 0.992547 315.293030 963.294006 345.728088 1052.599243
000219 0.997759 162.873062 965.300598 187.850845 1052.376831
000220 0.998181 310.798218 964.211304 337.595825 1051.922729
000221 0.996909 353.396820 962.762329 379.598724 1050.856689
000222 0.990568 351.791473 967.322510 381.214996 1057.404907
