000044 0.904450 260.460510 1221.385864 319.685852 1297.263794
000095 0.959357 263.610321 1293.301270 317.655304 1362.504150
000098 0.128962 163.890152 1167.947876 235.956406 1250.645630
001082 0.005316 261.940155 1289.343872 286.926239 1379.023315
001077 0.863537 267.666504 1221.200439 321.100586 1298.492432
001088 0.141607 226.035172 1274.598389 276.343933 1388.126221
001088 0.012602 220.091415 996.862183 264.177551 1132.190552
001088 0.005188 263.981323 231.341614 367.404968 415.752808
001090 0.985628 272.208008 1178.499756 309.710205 1220.207031
001099 0.032893 261.718414 1118.948975 302.231659 1164.925049
001102 0.969054 264.508606 1264.694946 313.442993 1335.396606
001112 0.985450 225.960449 1050.536743 269.418121 1101.310669
001685 0.999344 224.550034 919.321533 261.520966 1040.044189
001685 0.971523 349.007416 944.999817 420.762238 1025.140747
001685 0.849414 396.332916 870.887939 457.419891 912.063110
001685 0.032706 180.504837 898.892151 215.542679 1020.625305
001685 0.005089 144.684967 922.912109 190.525818 995.029907
001688 0.999313 223.664886 917.016602 261.664551 1041.847168
001688 0.969193 351.225555 944.777344 420.860992 1025.118774
001688 0.862714 397.337708 872.075623 456.402039 913.574280
001688 0.022957 180.099716 908.170715 217.930252 1020.097839
000013 0.837514 236.296082 1109.696533 262.374542 1170.921875
000067 0.021100 259.634003 1304.554932 287.389069 1347.573975
000204 0.346723 215.987137 1287.291626 270.459106 1358.797729
000222 0.911510 221.078552 1124.917480 264.905396 1199.547119
